47
0.5 0.5 0.5
0.5 -0.5 0.5
0.5 0.5 -0.5
0.5 -0.5 -0.5
-0.5 0.5 0.5
-0.5 0.5 -0.5
-0.5 -0.5 -0.5
-0.5 -0.5 0.5
8 0.5 0.5
8 0.5 -0.5
8 -0.5 0.5
8 -0.5 -0.5
0.5 0.5 8
0.5 -0.5 8
-0.5 0.5 8
-0.5 -0.5 8
0.5 8 0.5
0.5 8 -0.5
-0.5 8 0.5
-0.5 8 -0.5
8 1 1
8 1 -1
8 -1 1
8 -1 -1
10 0 0
1 8 1
1 8 -1
-1 8 1
-1 8 -1
0 10 0
1 1 8
1 -1 8
-1 1 8
-1 -1 8
0 0 10
-5 0.5 0.5
-5 0.5 -0.5
-5 -0.5 0.5
-5 -0.5 -0.5
0.5 -5 0.5
0.5 -5 -0.5
-0.5 -5 0.5
-0.5 -5 -0.5
0.5 0.5 -5
0.5 -0.5 -5
-0.5 0.5 -5
-0.5 -0.5 -5

51
4  0 8 9 2 
4  10 1 3 11 
4  10 8 0 1 
4  9 11 3 2 
4  13 15 7 1 
4  15 14 4 7 
4  14 12 0 4 
4  12 13 1 0 
4  16 0 2 17 
4  16 18 4 0 
4  5 4 18 19 
4  2 5 19 17 
4  23 22 10 11 
4  21 23 11 9 
4  8 20 21 9 
4  22 20 8 10 
3  24 22 23 
3  24 20 22 
3  21 20 24 
3  21 24 23 
4  18 27 28 19 
4  16 25 27 18 
4  26 25 16 17 
4  19 28 26 17 
3  27 29 28 
3  27 25 29 
3  26 28 29 
3  26 29 25 
4  13 31 33 15 
4  15 33 32 14 
4  14 32 30 12 
4  30 31 13 12 
3  31 34 33 
3  33 34 32 
3  32 34 30 
3  30 34 31 
4  6 7 37 38 
4  7 4 35 37 
4  38 37 35 36 
4  36 35 4 5 
4  38 36 5 6 
4  39 1 7 41 
4  42 41 7 6 
4  40 39 41 42 
4  3 1 39 40 
4  6 3 40 42 
4  44 3 6 46 
4  46 6 5 45 
4  45 5 2 43 
4  43 2 3 44 
4  45 43 44 46 
