50
10 0 0
8.660254038 -5 0
5 -8.660254038 0
0 -10 0
-5 -8.660254038 0
-8.660254038 -5 0
-10 0 0
-8.660254038 5 0
-5 8.660254038 0
0 10 0
5 8.660254038 0
8.660254038 5 0
8.365163037 -2.224143868 5
6.123724357 -6.123724357 5
2.224143868 -8.365163037 5
-2.224143868 -8.365163037 5
-6.123724357 -6.123724357 5
-8.365163037 -2.224143868 5
-8.365163037 2.224143868 5
-6.123724357 6.123724357 5
-2.224143868 8.365163037 5
2.224143868 8.365163037 5
6.123724357 6.123724357 5
8.365163037 2.224143868 5
4.698463104 1.710100717 8.660254038
3.830222216 -3.213938048 8.660254038
-0.8682408883 -4.924038765 8.660254038
-4.698463104 -1.710100717 8.660254038
-3.830222216 3.213938048 8.660254038
0.8682408883 4.924038765 8.660254038
0 0 10
8.365163037 -2.224143868 -5
6.123724357 -6.123724357 -5
2.224143868 -8.365163037 -5
-2.224143868 -8.365163037 -5
-6.123724357 -6.123724357 -5
-8.365163037 -2.224143868 -5
-8.365163037 2.224143868 -5
-6.123724357 6.123724357 -5
-2.224143868 8.365163037 -5
2.224143868 8.365163037 -5
6.123724357 6.123724357 -5
8.365163037 2.224143868 -5
4.698463104 1.710100717 -8.660254038
3.830222216 -3.213938048 -8.660254038
-0.8682408883 -4.924038765 -8.660254038
-4.698463104 -1.710100717 -8.660254038
-3.830222216 3.213938048 -8.660254038
0.8682408883 4.924038765 -8.660254038
0 0 -10

96
3  0 12 1
3  1 13 2
3  2 14 3
3  3 15 4
3  4 16 5
3  5 17 6
3  6 18 7
3  7 19 8
3  8 20 9
3  9 21 10
3  10 22 11
3  11 23 0
3  12 13 1
3  13 14 2
3  14 15 3
3  15 16 4
3  16 17 5
3  17 18 6
3  18 19 7
3  19 20 8
3  20 21 9
3  21 22 10
3  22 23 11
3  23 12 0

3  23 24 12
3  12 25 13
3  13 25 14
3  14 26 15
3  15 26 16
3  16 27 17
3  17 27 18
3  18 28 19
3  19 28 20
3  20 29 21
3  21 29 22
3  22 24 23
3  12 24 25
3  14 25 26
3  16 26 27
3  18 27 28
3  20 28 29
3  22 29 24

3  24 30 25
3  25 30 26
3  26 30 27
3  27 30 28
3  28 30 29
3  29 30 24

3  0 1 31
3  1 2 32
3  2 3 33
3  3 4 34
3  4 5 35
3  5 6 36
3  6 7 37
3  7 8 38
3  8 9 39
3  9 10 40
3  10 11 41
3  11 0 42
3  42 0 31
3  31 1 32
3  32 2 33
3  33 3 34
3  34 4 35
3  35 5 36
3  36 6 37
3  37 7 38
3  38 8 39
3  39 9 40
3  40 10 41
3  41 11 42

3  43 31 44
3  31 32 44
3  32 33 44
3  44 33 45
3  33 34 45
3  34 35 45
3  45 35 46
3  35 36 46
3  36 37 46
3  46 37 47
3  37 38 47
3  38 39 47
3  47 39 48
3  39 40 48
3  40 41 48
3  48 41 43
3  41 42 43
3  42 31 43

3  43 44 49
3  44 45 49
3  45 46 49
3  46 47 49
3  47 48 49
3  48 43 49
