24
-10 0 10
-8.660254038 5 10
-5 8.660254038 10
0 10 10
5 8.660254038 10
8.660254038 5 10
10 0 10
8.660254038 -5 10
5 -8.660254038 10
0 -10 10
-5 -8.660254038 10
-8.660254038 -5 10
-10 0 -10
-8.660254038 5 -10
-5 8.660254038 -10
0 10 -10
5 8.660254038 -10
8.660254038 5 -10
10 0 -10
8.660254038 -5 -10
5 -8.660254038 -10
0 -10 -10
-5 -8.660254038 -10
-8.660254038-5 -10

14
12  11 10 9 8 7 6 5 4 3 2 1 0
4  0 1 13 12
4  1 2 14 13
4  2 3 15 14
4  3 4 16 15
4  4 5 17 16
4  5 6 18 17
4  6 7 19 18
4  7 8 20 19
4  8 9 21 20
4  9 10 22 21
4  10 11 23 22
4  11 0  12 23
12  12 13 14 15 16 17 18 19 20 21 22 23
